|  1 | 2 | 3 | 4 | 5 | 6 | 7 | 8 | 9 | 10  |
| --- | --- | --- | --- | --- | --- | --- | --- | --- | --- |
|  13 | 21 | 28 | 35 | 42 | 49 | 56 | 63 | 70 | 77  |
|  14 | 21 | 28 | 35 | 42 | 49 | 56 | 63 | 70 | 77  |
|  15 | 21 | 28 | 35 | 42 | 49 | 56 | 63 | 70 | 77  |
|  16 | 21 | 28 | 35 | 42 | 49 | 56 | 63 | 70 | 77  |
|  17 | 21 | 28 | 35 | 42 | 49 | 56 | 63 | 70 | 77  |
|  18 | 21 | 28 | 35 | 42 | 49 | 56 | 63 | 70 | 77  |
|  19 | 21 | 28 | 35 | 42 | 49 | 56 | 63 | 70 | 77  |
|  20 | 21 | 28 | 35 | 42 | 49 | 56 | 63 | 70 | 77  |
|  21 | 21 | 28 | 35 | 42 | 49 | 56 | 63 | 70 | 77  |
|  22 | 21 | 28 | 35 | 42 | 49 | 56 | 63 | 70 | 77  |
|  23 | 21 | 28 | 35 | 42 | 49 | 56 | 63 | 70 | 77  |
|  24 | 21 | 28 | 35 | 42 | 49 | 56 | 63 | 70 | 77  |
|  25 | 21 | 28 | 35 | 42 | 49 | 56 | 63 | 70 | 77  |
|  26 | 21 | 28 | 35 | 42 | 49 | 56 | 63 | 70 | 77  |
|  27 | 21 | 28 | 35 | 42 | 49 | 56 | 63 | 70 | 77  |
|  28 | 21 | 28 | 35 | 42 | 49 | 56 | 63 | 70 | 77  |
|  29 | 21 | 28 | 35 | 42 | 49 | 56 | 63 | 70 | 77  |
|  30 | 21 | 28 | 35 | 42 | 49 | 56 | 63 | 70 | 77  |
