|  1 | 26 | 27 | 2 | 9 | 6  |
| --- | --- | --- | --- | --- | --- |
|  13 | 26 | 7 | 7 | 10 | 7  |
|  4 | 9,5 | 31 | 9 |  |   |
|  20 | 24 15 | 11 | 11 | 36 |   |
|  13 | 29 | 1 | 2 |  |   |
|  19 | 3 32 | 31 | 9 |  |   |
|  13/1 | 6 34 6 11 | 20 | 10 | 17 |   |
|  19 | 94 7 | 2 | 18 | (35) |   |
|  14 8 | 37 1 33 | 21 | 31 |  |   |
|  17 4 | 37 7 | 31 | 31 |  |   |
|  6 10 9 | 26 1 49 9 | 3 20 | 29 5 |  |   |
|  12 | 13 7 | 7 | 10 27 15 |  |   |
|  1 30 7 | 40 16 19 | 31 | 9 |  |   |
|  19 | 40 | 21 |  |  |   |
|  24 19 | 25 |  |  |  |   |
